214 101
221 101
228 101
235 102
242 103
249 105
256 107
262 110
268 113
274 117
280 121
285 126
290 131
295 136
298 142
302 148
305 155
307 161
309 168
310 175
311 182
311 189
310 196
310 203
310 210
309 217
308 224
306 231
304 238
302 244
298 250
294 256
289 262
284 267
279 271
273 275
267 279
261 282
255 285
248 287
241 289
234 290
227 291
220 291
213 291
206 289
199 288
192 286
186 284
179 280
173 277
167 273
162 269
157 264
152 258
148 253
144 247
141 241
138 234
136 227
135 220
134 213
134 206
132 200
126 198
121 202
115 207
109 210
103 214
107 209
112 204
118 200
120 195
115 190
111 185
107 178
105 172
106 165
107 159
114 159
117 165
120 172
125 177
129 182
133 179
136 172
137 165
139 159
142 152
145 146
149 140
153 134
158 129
163 124
168 119
174 115
180 112
186 109
193 106
200 104
