183 101
193 109
203 116
208 127
213 139
210 151
206 163
207 175
209 187
220 194
230 201
240 208
251 215
261 222
271 229
282 236
292 243
302 250
313 257
323 264
333 271
344 278
354 285
364 292
375 299
385 305
395 313
406 320
416 327
426 334
437 341
447 347
458 353
469 359
482 357
494 354
506 354
518 354
525 364
533 374
533 387
533 399
529 411
524 422
512 418
500 415
496 427
491 438
484 448
473 453
461 455
451 451
442 442
436 432
437 419
441 408
446 396
442 387
433 379
422 372
412 366
401 359
391 352
380 345
370 339
359 332
349 325
338 319
328 312
317 305
307 298
297 291
286 284
275 278
265 271
254 264
244 258
233 251
223 244
212 238
202 231
191 224
179 223
167 225
155 229
144 233
132 230
121 225
112 216
104 207
103 195
102 182
107 171
115 162
125 155
136 148
137 136
139 124
148 116
159 109
