443 101
457 115
471 128
475 147
479 166
483 185
487 204
491 223
495 242
498 262
497 281
503 297
519 309
534 321
542 339
551 356
548 376
545 395
539 413
533 432
519 446
506 460
487 458
467 455
450 447
433 437
419 444
421 460
433 474
447 488
458 503
456 523
454 542
441 556
428 571
414 585
399 596
380 596
360 596
342 589
324 583
308 572
292 560
275 570
258 579
239 583
220 585
200 586
181 585
161 586
142 589
123 592
112 576
101 559
105 540
110 521
118 504
129 488
140 472
154 458
168 444
183 432
198 420
214 409
230 398
248 389
265 381
276 368
271 356
252 358
232 361
214 367
196 374
210 363
229 358
247 353
265 345
281 336
279 317
277 298
277 278
277 259
279 273
281 293
283 312
292 329
302 346
307 327
312 308
315 289
318 270
324 251
330 232
337 214
345 197
355 180
365 163
377 148
390 133
403 119
