302 101
296 115
286 123
271 126
256 129
248 141
252 144
266 140
281 135
295 132
310 129
307 142
298 151
283 151
268 151
259 160
274 162
289 164
303 162
318 158
314 165
304 175
290 178
275 176
266 175
280 182
295 182
310 182
315 188
307 198
292 196
277 195
267 205
260 216
275 217
290 218
305 218
320 217
316 223
303 231
288 234
274 237
275 243
290 239
304 236
316 246
322 254
307 254
292 253
277 254
262 256
264 263
278 263
293 261
306 264
316 275
318 280
303 277
288 275
274 277
259 279
244 279
256 281
271 282
286 284
301 286
310 293
306 303
292 300
277 297
262 297
247 297
232 294
218 288
204 290
189 294
175 295
160 291
145 287
134 277
123 267
114 255
108 241
103 227
103 212
102 197
106 183
111 168
118 155
128 144
139 133
152 128
167 122
181 121
196 124
211 126
226 126
240 124
254 117
268 111
