362 328
381 332
400 336
412 351
423 367
425 385
425 405
412 417
395 426
377 425
359 419
349 406
348 386
357 373
375 366
381 374
376 393
392 392
397 382
389 364
375 358
357 365
345 378
337 396
341 412
354 426
370 434
390 434
409 434
428 431
447 428
464 418
482 411
501 414
521 417
540 416
559 416
579 421
598 425
614 435
630 446
642 461
652 478
653 497
653 516
648 535
641 553
631 569
617 583
601 592
582 593
563 591
546 581
533 569
530 550
529 531
538 514
547 496
566 492
585 487
598 500
611 514
609 533
604 552
588 556
568 556
570 541
576 523
568 523
557 540
558 554
573 566
589 567
606 558
617 544
620 525
621 505
616 487
609 469
592 460
575 451
555 449
536 448
517 454
499 461
480 464
461 466
441 463
422 460
403 460
383 460
364 459
344 456
328 449
315 434
306 418
306 399
306 379
315 362
325 345
